0,392
0,391
0,390
0,389
0,388
0,387
0,386
0,385
0,384
0,319
0,318
26,4
26,3
26,2
26,1
26,0
0,317
0,316
25,4
25,3
25,2
0,283
25,1
25,0
24,3
24,2
0,9
24,1
24,0
23,52
23,51
23,50
23,49
23,48
23,47
23,46
23,45
23,44
23,43
23,42
23,41
23,40
23,39
23,38
23,37
23,36
23,35
3,2
10,134
10,182
10,80
10,126
10,146
10,86
10,200
10,2
10,3
11,8
11,6
11,10
11,4
11,2
11,3
9,4
9,6
9,2
9,3
8,5
8,7
8,8
8,4
8,9
8,2
8,3
12,2
12,1
12,3
20,2
20,1
20,3
19,2
19,1
19,3
11,29
11,28
11,27
11,26
11,25
11,24
11,23
11,22
11,21
11,1
11,20
10,313
18,1
10,312
18,3
10,311
10,310
10,309
10,308
10,307
14,1
10,306
14,3
10,305
13,1
10,304
13,3
10,303
10,302
10,301
10,300
10,299
10,298
10,297
10,296
10,295
10,294
10,293
